Blackland_Hickory01.spt
Leaves
0.25, 0.125, 0, 0.125, 0, 0, 0.25, 0
0.25, 0.25, 0, 0.25, 0, 0.125, 0.25, 0.125
Fronds
0.25, 0.125, 0, 0.125, 0, 0, 0.25, 0
Billboards
0.125, 0.125, 0, 0.125, 0, 0, 0.125, 0
0.125, 0.25, 0, 0.25, 0, 0.125, 0.125, 0.125
0.25, 0.125, 0.125, 0.125, 0.125, 0, 0.25, 0
0.25, 0.25, 0.125, 0.25, 0.125, 0.125, 0.25, 0.125
Self-Shadow
0.5, 0.25, 0, 0.25, 0, 0, 0.5, 0
Blackland_PawPaw_01.spt
Leaves
0.5, 0.125, 0.25, 0.125, 0.25, 0, 0.5, 0
0.5, 0.25, 0.25, 0.25, 0.25, 0.125, 0.5, 0.125
Fronds
0.25, 0.125, 0, 0.125, 0, 0, 0.25, 0
Billboards
0.125, 0.375, 0, 0.375, 0, 0.25, 0.125, 0.25
0.375, 0.125, 0.25, 0.125, 0.25, 0, 0.375, 0
0.375, 0.25, 0.25, 0.25, 0.25, 0.125, 0.375, 0.125
0.25, 0.375, 0.125, 0.375, 0.125, 0.25, 0.25, 0.25
Self-Shadow
0.5, 0.5, 0, 0.5, 0, 0.25, 0.5, 0.25
Blackland_ShingleOak_01.spt
Leaves
0.25, 0.375, 0, 0.375, 0, 0.25, 0.25, 0.25
0.75, 0.125, 0.5, 0.125, 0.5, 0, 0.75, 0
Fronds
0.25, 0.625, 0.125, 0.625, 0.125, 0.5, 0.25, 0.5
Billboards
0.375, 0.375, 0.25, 0.375, 0.25, 0.25, 0.375, 0.25
0.5, 0.125, 0.375, 0.125, 0.375, 0, 0.5, 0
0.125, 0.5, 0, 0.5, 0, 0.375, 0.125, 0.375
0.25, 0.5, 0.125, 0.5, 0.125, 0.375, 0.25, 0.375
Self-Shadow
1, 0.25, 0.5, 0.25, 0.5, 0, 1, 0
Blackland_Sycamore_01.spt
Leaves
0.75, 0.25, 0.5, 0.25, 0.5, 0.125, 0.75, 0.125
0.5, 0.375, 0.25, 0.375, 0.25, 0.25, 0.5, 0.25
Fronds
0.25, 0.125, 0, 0.125, 0, 0, 0.25, 0
Billboards
0.5, 0.25, 0.375, 0.25, 0.375, 0.125, 0.5, 0.125
0.5, 0.375, 0.375, 0.375, 0.375, 0.25, 0.5, 0.25
0.375, 0.5, 0.25, 0.5, 0.25, 0.375, 0.375, 0.375
0.125, 0.625, 0, 0.625, 0, 0.5, 0.125, 0.5
Self-Shadow
1, 0.5, 0.5, 0.5, 0.5, 0.25, 1, 0.25
Blackland_WeepingWillow_01.spt
Leaves
1, 0.375, 0.75, 0.375, 0.75, 0.125, 1, 0.125
0.75, 0.625, 0.5, 0.625, 0.5, 0.375, 0.75, 0.375
Fronds
0.25, 0.125, 0, 0.125, 0, 0, 0.25, 0
Billboards
0.625, 0.125, 0.5, 0.125, 0.5, 0, 0.625, 0
0.625, 0.25, 0.5, 0.25, 0.5, 0.125, 0.625, 0.125
0.25, 0.625, 0.125, 0.625, 0.125, 0.5, 0.25, 0.5
0.5, 0.5, 0.375, 0.5, 0.375, 0.375, 0.5, 0.375
Self-Shadow
0.5, 0.75, 0, 0.75, 0, 0.5, 0.5, 0.5
Blackland_WeepingWillow_02.spt
Leaves
1, 0.375, 0.75, 0.375, 0.75, 0.125, 1, 0.125
0.75, 0.625, 0.5, 0.625, 0.5, 0.375, 0.75, 0.375
Fronds
0.25, 0.125, 0, 0.125, 0, 0, 0.25, 0
Billboards
0.625, 0.375, 0.5, 0.375, 0.5, 0.25, 0.625, 0.25
0.375, 0.625, 0.25, 0.625, 0.25, 0.5, 0.375, 0.5
0.5, 0.625, 0.375, 0.625, 0.375, 0.5, 0.5, 0.5
0.125, 0.75, 0, 0.75, 0, 0.625, 0.125, 0.625
Self-Shadow
0.5, 0.75, 0, 0.75, 0, 0.5, 0.5, 0.5
Blackland_BanyanTree01.spt
Leaves
0.75, 0.375, 0.5, 0.375, 0.5, 0.25, 0.75, 0.25
1, 0.125, 0.75, 0.125, 0.75, 0, 1, 0
0.375, 0.625, 0.25, 0.625, 0.25, 0.5, 0.375, 0.5
Fronds
0.875, 0.5, 0.75, 0.5, 0.75, 0.375, 0.875, 0.375
Billboards
0.625, 0.5, 0.5, 0.5, 0.5, 0.375, 0.625, 0.375
0.75, 0.125, 0.625, 0.125, 0.625, 0, 0.75, 0
0.75, 0.25, 0.625, 0.25, 0.625, 0.125, 0.75, 0.125
0.25, 0.75, 0.125, 0.75, 0.125, 0.625, 0.25, 0.625
Self-Shadow
1, 0.75, 0.5, 0.75, 0.5, 0.5, 1, 0.5
Blackland_BanyanTree03_XX.spt
Leaves
0.25, 0.125, 0, 0.125, 0, 0, 0.25, 0
0.25, 0.125, 0, 0.125, 0, 0, 0.25, 0
Fronds
0.875, 0.5, 0.75, 0.5, 0.75, 0.375, 0.875, 0.375
Billboards
0.375, 0.75, 0.25, 0.75, 0.25, 0.625, 0.375, 0.625
0.75, 0.375, 0.625, 0.375, 0.625, 0.25, 0.75, 0.25
0.625, 0.625, 0.5, 0.625, 0.5, 0.5, 0.625, 0.5
0.5, 0.75, 0.375, 0.75, 0.375, 0.625, 0.5, 0.625
Blackland_GreenMaple_02.spt
Leaves
0.25, 0.5, 0, 0.5, 0, 0.375, 0.25, 0.375
0.5, 0.5, 0.25, 0.5, 0.25, 0.375, 0.5, 0.375
Fronds
0.125, 0.75, 0, 0.75, 0, 0.5, 0.125, 0.5
Billboards
0.75, 0.5, 0.625, 0.5, 0.625, 0.375, 0.75, 0.375
0.875, 0.125, 0.75, 0.125, 0.75, 0, 0.875, 0
0.125, 0.875, 0, 0.875, 0, 0.75, 0.125, 0.75
0.25, 0.875, 0.125, 0.875, 0.125, 0.75, 0.25, 0.75
Self-Shadow
0.5, 1, 0, 1, 0, 0.75, 0.5, 0.75
Blackland_GreenMaple_03_XX.spt
Leaves
0.25, 0.125, 0, 0.125, 0, 0, 0.25, 0
0.25, 0.125, 0, 0.125, 0, 0, 0.25, 0
Fronds
0.125, 0.75, 0, 0.75, 0, 0.5, 0.125, 0.5
Billboards
0.875, 0.25, 0.75, 0.25, 0.75, 0.125, 0.875, 0.125
0.875, 0.375, 0.75, 0.375, 0.75, 0.25, 0.875, 0.25
0.375, 0.875, 0.25, 0.875, 0.25, 0.75, 0.375, 0.75
0.625, 0.75, 0.5, 0.75, 0.5, 0.625, 0.625, 0.625
Blackland_GreenMaple_04_XX.spt
Leaves
0.25, 0.125, 0, 0.125, 0, 0, 0.25, 0
0.25, 0.125, 0, 0.125, 0, 0, 0.25, 0
Fronds
0.125, 0.75, 0, 0.75, 0, 0.5, 0.125, 0.5
Billboards
0.75, 0.625, 0.625, 0.625, 0.625, 0.5, 0.75, 0.5
0.5, 0.875, 0.375, 0.875, 0.375, 0.75, 0.5, 0.75
0.875, 0.5, 0.75, 0.5, 0.75, 0.375, 0.875, 0.375
0.125, 1, 0, 1, 0, 0.875, 0.125, 0.875
