Byron_RiverBirch_01.spt
Leaves
0.25, 0.25, 0, 0.25, 0, 0, 0.25, 0
0.25, 0.5, 0, 0.5, 0, 0.25, 0.25, 0.25
Fronds
0.5, 0.25, 0.25, 0.25, 0.25, 0, 0.5, 0
Billboards
0.125, 0.125, 0, 0.125, 0, 0, 0.125, 0
0.125, 0.25, 0, 0.25, 0, 0.125, 0.125, 0.125
0.25, 0.125, 0.125, 0.125, 0.125, 0, 0.25, 0
0.25, 0.25, 0.125, 0.25, 0.125, 0.125, 0.25, 0.125
Self-Shadow
0.5, 0.25, 0, 0.25, 0, 0, 0.5, 0
Byron_RiverBirch_02aa.spt
Leaves
0.25, 0.25, 0, 0.25, 0, 0, 0.25, 0
0.25, 0.5, 0, 0.5, 0, 0.25, 0.25, 0.25
Fronds
0.5, 0.25, 0.25, 0.25, 0.25, 0, 0.5, 0
Billboards
0.125, 0.375, 0, 0.375, 0, 0.25, 0.125, 0.25
0.375, 0.125, 0.25, 0.125, 0.25, 0, 0.375, 0
0.375, 0.25, 0.25, 0.25, 0.25, 0.125, 0.375, 0.125
0.25, 0.375, 0.125, 0.375, 0.125, 0.25, 0.25, 0.25
Self-Shadow
0.5, 0.25, 0, 0.25, 0, 0, 0.5, 0
Byron_RiverBirch_02bb.spt
Leaves
0.25, 0.25, 0, 0.25, 0, 0, 0.25, 0
0.25, 0.5, 0, 0.5, 0, 0.25, 0.25, 0.25
Fronds
0.5, 0.25, 0.25, 0.25, 0.25, 0, 0.5, 0
Billboards
0.375, 0.375, 0.25, 0.375, 0.25, 0.25, 0.375, 0.25
0.5, 0.125, 0.375, 0.125, 0.375, 0, 0.5, 0
0.125, 0.5, 0, 0.5, 0, 0.375, 0.125, 0.375
0.25, 0.5, 0.125, 0.5, 0.125, 0.375, 0.25, 0.375
Self-Shadow
0.5, 0.25, 0, 0.25, 0, 0, 0.5, 0
Byron_TulipPoplar_01.spt
Leaves
0.5, 0.5, 0.25, 0.5, 0.25, 0.25, 0.5, 0.25
0.25, 0.75, 0, 0.75, 0, 0.5, 0.25, 0.5
Fronds
0.25, 0.25, 0, 0.25, 0, 0, 0.25, 0
Billboards
0.5, 0.25, 0.375, 0.25, 0.375, 0.125, 0.5, 0.125
0.5, 0.375, 0.375, 0.375, 0.375, 0.25, 0.5, 0.25
0.375, 0.5, 0.25, 0.5, 0.25, 0.375, 0.375, 0.375
0.125, 0.625, 0, 0.625, 0, 0.5, 0.125, 0.5
Self-Shadow
0.5, 0.5, 0, 0.5, 0, 0.25, 0.5, 0.25
Byron_UmbrellaThorn_01.spt
Leaves
0.5, 0.625, 0.25, 0.625, 0.25, 0.5, 0.5, 0.5
0.5, 0.75, 0.25, 0.75, 0.25, 0.625, 0.5, 0.625
Fronds
0.125, 1, 0, 1, 0, 0.75, 0.125, 0.75
Billboards
0.625, 0.125, 0.5, 0.125, 0.5, 0, 0.625, 0
0.625, 0.25, 0.5, 0.25, 0.5, 0.125, 0.625, 0.125
0.25, 0.625, 0.125, 0.625, 0.125, 0.5, 0.25, 0.5
0.5, 0.5, 0.375, 0.5, 0.375, 0.375, 0.5, 0.375
Self-Shadow
1, 0.25, 0.5, 0.25, 0.5, 0, 1, 0
Byron_Bamboo_01.spt
Leaves
0.75, 0.625, 0.5, 0.625, 0.5, 0.5, 0.75, 0.5
1, 0.125, 0.75, 0.125, 0.75, 0, 1, 0
Fronds
0.25, 0.25, 0, 0.25, 0, 0, 0.25, 0
Billboards
0.625, 0.375, 0.5, 0.375, 0.5, 0.25, 0.625, 0.25
0.375, 0.625, 0.25, 0.625, 0.25, 0.5, 0.375, 0.5
0.5, 0.625, 0.375, 0.625, 0.375, 0.5, 0.5, 0.5
0.125, 0.75, 0, 0.75, 0, 0.625, 0.125, 0.625
Self-Shadow
1, 0.5, 0.5, 0.5, 0.5, 0.25, 1, 0.25
Byron_BambooCluster_01.spt
Leaves
0.75, 0.625, 0.5, 0.625, 0.5, 0.5, 0.75, 0.5
1, 0.125, 0.75, 0.125, 0.75, 0, 1, 0
Fronds
0.25, 0.25, 0, 0.25, 0, 0, 0.25, 0
Billboards
0.625, 0.5, 0.5, 0.5, 0.5, 0.375, 0.625, 0.375
0.75, 0.125, 0.625, 0.125, 0.625, 0, 0.75, 0
0.75, 0.25, 0.625, 0.25, 0.625, 0.125, 0.75, 0.125
0.25, 0.75, 0.125, 0.75, 0.125, 0.625, 0.25, 0.625
Self-Shadow
1, 0.5, 0.5, 0.5, 0.5, 0.25, 1, 0.25
Byron_VivaxBamboo_01.spt
Leaves
0.75, 0.625, 0.5, 0.625, 0.5, 0.5, 0.75, 0.5
1, 0.125, 0.75, 0.125, 0.75, 0, 1, 0
Fronds
0.25, 1, 0.125, 1, 0.125, 0.75, 0.25, 0.75
Billboards
0.375, 0.75, 0.25, 0.75, 0.25, 0.625, 0.375, 0.625
0.75, 0.375, 0.625, 0.375, 0.625, 0.25, 0.75, 0.25
0.625, 0.625, 0.5, 0.625, 0.5, 0.5, 0.625, 0.5
0.5, 0.75, 0.375, 0.75, 0.375, 0.625, 0.5, 0.625
Byron_WhiteOak_01.spt
Leaves
0.75, 0.25, 0.5, 0.25, 0.5, 0, 0.75, 0
0.75, 0.5, 0.5, 0.5, 0.5, 0.25, 0.75, 0.25
Fronds
0.25, 0.25, 0, 0.25, 0, 0, 0.25, 0
Billboards
0.75, 0.5, 0.625, 0.5, 0.625, 0.375, 0.75, 0.375
0.875, 0.125, 0.75, 0.125, 0.75, 0, 0.875, 0
0.125, 0.875, 0, 0.875, 0, 0.75, 0.125, 0.75
0.25, 0.875, 0.125, 0.875, 0.125, 0.75, 0.25, 0.75
Self-Shadow
0.5, 0.75, 0, 0.75, 0, 0.5, 0.5, 0.5
