Byron_BradfordPear_01.spt
Leaves
0.25, 0.125, 0, 0.125, 0, 0, 0.25, 0
0.25, 0.25, 0, 0.25, 0, 0.125, 0.25, 0.125
Fronds
0.25, 0.125, 0, 0.125, 0, 0, 0.25, 0
Billboards
0.125, 0.125, 0, 0.125, 0, 0, 0.125, 0
0.125, 0.25, 0, 0.25, 0, 0.125, 0.125, 0.125
0.25, 0.125, 0.125, 0.125, 0.125, 0, 0.25, 0
0.25, 0.25, 0.125, 0.25, 0.125, 0.125, 0.25, 0.125
Self-Shadow
0.25, 0.25, 0, 0.25, 0, 0, 0.25, 0
Byron_CarolinaBuckthorn_01.spt
Leaves
0.5, 0.125, 0.25, 0.125, 0.25, 0, 0.5, 0
0.5, 0.25, 0.25, 0.25, 0.25, 0.125, 0.5, 0.125
Fronds
0.25, 0.125, 0, 0.125, 0, 0, 0.25, 0
Billboards
0.125, 0.375, 0, 0.375, 0, 0.25, 0.125, 0.25
0.375, 0.125, 0.25, 0.125, 0.25, 0, 0.375, 0
0.375, 0.25, 0.25, 0.25, 0.25, 0.125, 0.375, 0.125
0.25, 0.375, 0.125, 0.375, 0.125, 0.25, 0.25, 0.25
Self-Shadow
0.25, 0.5, 0, 0.5, 0, 0.25, 0.25, 0.25
Byron_CommonOlive_01.spt
Leaves
0.25, 0.375, 0, 0.375, 0, 0.25, 0.25, 0.25
Fronds
0.75, 0.125, 0.5, 0.125, 0.5, 0, 0.75, 0
Billboards
0.375, 0.375, 0.25, 0.375, 0.25, 0.25, 0.375, 0.25
0.5, 0.125, 0.375, 0.125, 0.375, 0, 0.5, 0
0.125, 0.5, 0, 0.5, 0, 0.375, 0.125, 0.375
0.25, 0.5, 0.125, 0.5, 0.125, 0.375, 0.25, 0.375
Self-Shadow
0.5, 0.25, 0.25, 0.25, 0.25, 0, 0.5, 0
Byron_EnglishOak_01.spt
Leaves
0.75, 0.25, 0.5, 0.25, 0.5, 0.125, 0.75, 0.125
0.5, 0.375, 0.25, 0.375, 0.25, 0.25, 0.5, 0.25
Fronds
0.25, 0.125, 0, 0.125, 0, 0, 0.25, 0
Billboards
0.5, 0.25, 0.375, 0.25, 0.375, 0.125, 0.5, 0.125
0.5, 0.375, 0.375, 0.375, 0.375, 0.25, 0.5, 0.25
0.375, 0.5, 0.25, 0.5, 0.25, 0.375, 0.375, 0.375
0.125, 0.625, 0, 0.625, 0, 0.5, 0.125, 0.5
Self-Shadow
0.5, 0.5, 0.25, 0.5, 0.25, 0.25, 0.5, 0.25
Byron_GreenAsh_01.spt
Leaves
0.75, 0.375, 0.5, 0.375, 0.5, 0.25, 0.75, 0.25
1, 0.125, 0.75, 0.125, 0.75, 0, 1, 0
Fronds
0.25, 0.125, 0, 0.125, 0, 0, 0.25, 0
Billboards
0.625, 0.125, 0.5, 0.125, 0.5, 0, 0.625, 0
0.625, 0.25, 0.5, 0.25, 0.5, 0.125, 0.625, 0.125
0.25, 0.625, 0.125, 0.625, 0.125, 0.5, 0.25, 0.5
0.5, 0.5, 0.375, 0.5, 0.375, 0.375, 0.5, 0.375
Self-Shadow
0.25, 0.75, 0, 0.75, 0, 0.5, 0.25, 0.5
Byron_GreyPoplar_01.spt
Leaves
0.25, 0.5, 0, 0.5, 0, 0.375, 0.25, 0.375
0.5, 0.5, 0.25, 0.5, 0.25, 0.375, 0.5, 0.375
Fronds
0.125, 0.75, 0, 0.75, 0, 0.625, 0.125, 0.625
Billboards
0.625, 0.375, 0.5, 0.375, 0.5, 0.25, 0.625, 0.25
0.375, 0.625, 0.25, 0.625, 0.25, 0.5, 0.375, 0.5
0.5, 0.625, 0.375, 0.625, 0.375, 0.5, 0.5, 0.5
0.125, 0.75, 0, 0.75, 0, 0.625, 0.125, 0.625
Self-Shadow
0.75, 0.25, 0.5, 0.25, 0.5, 0, 0.75, 0
Byron_HorseChestnut_MD.spt
Leaves
1, 0.25, 0.75, 0.25, 0.75, 0.125, 1, 0.125
1, 0.375, 0.75, 0.375, 0.75, 0.25, 1, 0.25
Fronds
0.25, 0.75, 0.125, 0.75, 0.125, 0.625, 0.25, 0.625
Billboards
0.625, 0.5, 0.5, 0.5, 0.5, 0.375, 0.625, 0.375
0.75, 0.125, 0.625, 0.125, 0.625, 0, 0.75, 0
0.75, 0.25, 0.625, 0.25, 0.625, 0.125, 0.75, 0.125
0.25, 0.75, 0.125, 0.75, 0.125, 0.625, 0.25, 0.625
Self-Shadow
0.75, 0.5, 0.5, 0.5, 0.5, 0.25, 0.75, 0.25
Byron_JungleBrush_01.spt
Leaves
0.75, 0.5, 0.5, 0.5, 0.5, 0.375, 0.75, 0.375
Fronds
0.375, 0.75, 0.25, 0.75, 0.25, 0.625, 0.375, 0.625
Billboards
0.375, 0.75, 0.25, 0.75, 0.25, 0.625, 0.375, 0.625
0.75, 0.375, 0.625, 0.375, 0.625, 0.25, 0.75, 0.25
0.625, 0.625, 0.5, 0.625, 0.5, 0.5, 0.625, 0.5
0.5, 0.75, 0.375, 0.75, 0.375, 0.625, 0.5, 0.625
Self-Shadow
0.5, 0.75, 0.25, 0.75, 0.25, 0.5, 0.5, 0.5
Byron_LiveOak_01.spt
Leaves
0.25, 0.625, 0, 0.625, 0, 0.5, 0.25, 0.5
0.5, 0.625, 0.25, 0.625, 0.25, 0.5, 0.5, 0.5
Fronds
1, 0.75, 0.75, 0.75, 0.75, 0.5, 1, 0.5
Billboards
0.75, 0.5, 0.625, 0.5, 0.625, 0.375, 0.75, 0.375
0.875, 0.125, 0.75, 0.125, 0.75, 0, 0.875, 0
0.125, 0.875, 0, 0.875, 0, 0.75, 0.125, 0.75
0.25, 0.875, 0.125, 0.875, 0.125, 0.75, 0.25, 0.75
Self-Shadow
0.75, 0.75, 0.5, 0.75, 0.5, 0.5, 0.75, 0.5
Byron_PinOak_01.spt
Leaves
1, 0.5, 0.75, 0.5, 0.75, 0.375, 1, 0.375
0.75, 0.625, 0.5, 0.625, 0.5, 0.5, 0.75, 0.5
Fronds
0.25, 0.125, 0, 0.125, 0, 0, 0.25, 0
Billboards
0.875, 0.25, 0.75, 0.25, 0.75, 0.125, 0.875, 0.125
0.875, 0.375, 0.75, 0.375, 0.75, 0.25, 0.875, 0.25
0.375, 0.875, 0.25, 0.875, 0.25, 0.75, 0.375, 0.75
0.625, 0.75, 0.5, 0.75, 0.5, 0.625, 0.625, 0.625
Self-Shadow
1, 0.25, 0.75, 0.25, 0.75, 0, 1, 0
Byron_PinOak_02aa.spt
Leaves
1, 0.5, 0.75, 0.5, 0.75, 0.375, 1, 0.375
0.75, 0.625, 0.5, 0.625, 0.5, 0.5, 0.75, 0.5
Fronds
0.25, 0.125, 0, 0.125, 0, 0, 0.25, 0
Billboards
0.75, 0.625, 0.625, 0.625, 0.625, 0.5, 0.75, 0.5
0.5, 0.875, 0.375, 0.875, 0.375, 0.75, 0.5, 0.75
0.875, 0.5, 0.75, 0.5, 0.75, 0.375, 0.875, 0.375
0.125, 1, 0, 1, 0, 0.875, 0.125, 0.875
Self-Shadow
1, 0.25, 0.75, 0.25, 0.75, 0, 1, 0
Byron_PinOak_02bb.spt
Leaves
1, 0.5, 0.75, 0.5, 0.75, 0.375, 1, 0.375
0.75, 0.625, 0.5, 0.625, 0.5, 0.5, 0.75, 0.5
Fronds
0.25, 0.125, 0, 0.125, 0, 0, 0.25, 0
Billboards
1, 0.125, 0.875, 0.125, 0.875, 0, 1, 0
1, 0.25, 0.875, 0.25, 0.875, 0.125, 1, 0.125
0.25, 1, 0.125, 1, 0.125, 0.875, 0.25, 0.875
0.75, 0.75, 0.625, 0.75, 0.625, 0.625, 0.75, 0.625
Self-Shadow
1, 0.25, 0.75, 0.25, 0.75, 0, 1, 0
