Furie_AustrianPine_MD.spt
Leaves
0.25, 0.125, 0, 0.125, 0, 0, 0.25, 0
0.25, 0.25, 0, 0.25, 0, 0.125, 0.25, 0.125
Fronds
0.625, 0.75, 0.5, 0.75, 0.5, 0.625, 0.625, 0.625
Billboards
0.125, 0.125, 0, 0.125, 0, 0, 0.125, 0
0.125, 0.25, 0, 0.25, 0, 0.125, 0.125, 0.125
0.25, 0.125, 0.125, 0.125, 0.125, 0, 0.25, 0
0.25, 0.25, 0.125, 0.25, 0.125, 0.125, 0.25, 0.125
Self-Shadow
0.25, 0.25, 0, 0.25, 0, 0, 0.25, 0
Furie_EasternRedCedar_MD.spt
Leaves
0.5, 0.125, 0.25, 0.125, 0.25, 0, 0.5, 0
0.5, 0.25, 0.25, 0.25, 0.25, 0.125, 0.5, 0.125
Fronds
0.25, 0.125, 0, 0.125, 0, 0, 0.25, 0
Billboards
0.125, 0.375, 0, 0.375, 0, 0.25, 0.125, 0.25
0.375, 0.125, 0.25, 0.125, 0.25, 0, 0.375, 0
0.375, 0.25, 0.25, 0.25, 0.25, 0.125, 0.375, 0.125
0.25, 0.375, 0.125, 0.375, 0.125, 0.25, 0.25, 0.25
Self-Shadow
0.25, 0.5, 0, 0.5, 0, 0.25, 0.25, 0.25
Furie_GiantRedwood_01.spt
Leaves
0.25, 0.375, 0, 0.375, 0, 0.25, 0.25, 0.25
0.75, 0.125, 0.5, 0.125, 0.5, 0, 0.75, 0
Fronds
0.25, 0.875, 0, 0.875, 0, 0.625, 0.25, 0.625
Billboards
0.375, 0.375, 0.25, 0.375, 0.25, 0.25, 0.375, 0.25
0.5, 0.125, 0.375, 0.125, 0.375, 0, 0.5, 0
0.125, 0.5, 0, 0.5, 0, 0.375, 0.125, 0.375
0.25, 0.5, 0.125, 0.5, 0.125, 0.375, 0.25, 0.375
Self-Shadow
0.5, 0.25, 0.25, 0.25, 0.25, 0, 0.5, 0
Furie_ItalianCypress_MD.spt
Leaves
0.75, 0.25, 0.5, 0.25, 0.5, 0.125, 0.75, 0.125
0.5, 0.375, 0.25, 0.375, 0.25, 0.25, 0.5, 0.25
Fronds
0.25, 0.125, 0, 0.125, 0, 0, 0.25, 0
Billboards
0.5, 0.25, 0.375, 0.25, 0.375, 0.125, 0.5, 0.125
0.5, 0.375, 0.375, 0.375, 0.375, 0.25, 0.5, 0.25
0.375, 0.5, 0.25, 0.5, 0.25, 0.375, 0.375, 0.375
0.125, 0.625, 0, 0.625, 0, 0.5, 0.125, 0.5
Self-Shadow
0.5, 0.5, 0.25, 0.5, 0.25, 0.25, 0.5, 0.25
Furie_LombardyPoplar_MD.spt
Leaves
0.75, 0.375, 0.5, 0.375, 0.5, 0.25, 0.75, 0.25
1, 0.125, 0.75, 0.125, 0.75, 0, 1, 0
Fronds
0.375, 0.75, 0.25, 0.75, 0.25, 0.625, 0.375, 0.625
Billboards
0.625, 0.125, 0.5, 0.125, 0.5, 0, 0.625, 0
0.625, 0.25, 0.5, 0.25, 0.5, 0.125, 0.625, 0.125
0.25, 0.625, 0.125, 0.625, 0.125, 0.5, 0.25, 0.5
0.5, 0.5, 0.375, 0.5, 0.375, 0.375, 0.5, 0.375
Self-Shadow
0.25, 0.75, 0, 0.75, 0, 0.5, 0.25, 0.5
Furie_SpiderTree_01.spt
Leaves
0.25, 0.5, 0, 0.5, 0, 0.375, 0.25, 0.375
0.5, 0.5, 0.25, 0.5, 0.25, 0.375, 0.5, 0.375
Fronds
0.25, 0.125, 0, 0.125, 0, 0, 0.25, 0
Billboards
0.625, 0.375, 0.5, 0.375, 0.5, 0.25, 0.625, 0.25
0.375, 0.625, 0.25, 0.625, 0.25, 0.5, 0.375, 0.5
0.5, 0.625, 0.375, 0.625, 0.375, 0.5, 0.5, 0.5
0.125, 0.75, 0, 0.75, 0, 0.625, 0.125, 0.625
Self-Shadow
0.75, 0.25, 0.5, 0.25, 0.5, 0, 0.75, 0
Furie_SpiderTree_02.spt
Leaves
0.5, 0.5, 0.25, 0.5, 0.25, 0.375, 0.5, 0.375
0.5, 0.5, 0.25, 0.5, 0.25, 0.375, 0.5, 0.375
Fronds
0.25, 0.125, 0, 0.125, 0, 0, 0.25, 0
Billboards
0.625, 0.5, 0.5, 0.5, 0.5, 0.375, 0.625, 0.375
0.75, 0.125, 0.625, 0.125, 0.625, 0, 0.75, 0
0.75, 0.25, 0.625, 0.25, 0.625, 0.125, 0.75, 0.125
0.25, 0.75, 0.125, 0.75, 0.125, 0.625, 0.25, 0.625
Self-Shadow
0.75, 0.25, 0.5, 0.25, 0.5, 0, 0.75, 0
Furie_SugarPine_MD.spt
Leaves
1, 0.25, 0.75, 0.25, 0.75, 0.125, 1, 0.125
1, 0.375, 0.75, 0.375, 0.75, 0.25, 1, 0.25
Fronds
0.25, 0.125, 0, 0.125, 0, 0, 0.25, 0
Billboards
0.375, 0.75, 0.25, 0.75, 0.25, 0.625, 0.375, 0.625
0.75, 0.375, 0.625, 0.375, 0.625, 0.25, 0.75, 0.25
0.625, 0.625, 0.5, 0.625, 0.5, 0.5, 0.625, 0.5
0.5, 0.75, 0.375, 0.75, 0.375, 0.625, 0.5, 0.625
Self-Shadow
0.75, 0.5, 0.5, 0.5, 0.5, 0.25, 0.75, 0.25
Furie_WesternRedCedar_01.spt
Leaves
0.75, 0.5, 0.5, 0.5, 0.5, 0.375, 0.75, 0.375
0.25, 0.625, 0, 0.625, 0, 0.5, 0.25, 0.5
Fronds
0.5, 0.75, 0.375, 0.75, 0.375, 0.625, 0.5, 0.625
Billboards
0.75, 0.5, 0.625, 0.5, 0.625, 0.375, 0.75, 0.375
0.875, 0.125, 0.75, 0.125, 0.75, 0, 0.875, 0
0.125, 0.875, 0, 0.875, 0, 0.75, 0.125, 0.75
0.25, 0.875, 0.125, 0.875, 0.125, 0.75, 0.25, 0.75
Self-Shadow
0.5, 0.75, 0.25, 0.75, 0.25, 0.5, 0.5, 0.5
Furie_BlueSpruce_MD.spt
Leaves
0.5, 0.625, 0.25, 0.625, 0.25, 0.5, 0.5, 0.5
1, 0.5, 0.75, 0.5, 0.75, 0.375, 1, 0.375
Fronds
0.75, 0.75, 0.625, 0.75, 0.625, 0.625, 0.75, 0.625
Billboards
0.875, 0.25, 0.75, 0.25, 0.75, 0.125, 0.875, 0.125
0.875, 0.375, 0.75, 0.375, 0.75, 0.25, 0.875, 0.25
0.375, 0.875, 0.25, 0.875, 0.25, 0.75, 0.375, 0.75
0.625, 0.75, 0.5, 0.75, 0.5, 0.625, 0.625, 0.625
Self-Shadow
0.75, 0.75, 0.5, 0.75, 0.5, 0.5, 0.75, 0.5
Furie_BlueSpruce_XT.spt
Leaves
0.5, 0.625, 0.25, 0.625, 0.25, 0.5, 0.5, 0.5
Fronds
0.75, 0.75, 0.625, 0.75, 0.625, 0.625, 0.75, 0.625
Billboards
0.75, 0.625, 0.625, 0.625, 0.625, 0.5, 0.75, 0.5
0.5, 0.875, 0.375, 0.875, 0.375, 0.75, 0.5, 0.75
0.875, 0.5, 0.75, 0.5, 0.75, 0.375, 0.875, 0.375
0.125, 1, 0, 1, 0, 0.875, 0.125, 0.875
Furie_DouglasFir_MD.spt
Leaves
0.75, 0.625, 0.5, 0.625, 0.5, 0.5, 0.75, 0.5
1, 0.625, 0.75, 0.625, 0.75, 0.5, 1, 0.5
Fronds
0.25, 0.125, 0, 0.125, 0, 0, 0.25, 0
Billboards
1, 0.125, 0.875, 0.125, 0.875, 0, 1, 0
1, 0.25, 0.875, 0.25, 0.875, 0.125, 1, 0.125
0.25, 1, 0.125, 1, 0.125, 0.875, 0.25, 0.875
0.75, 0.75, 0.625, 0.75, 0.625, 0.625, 0.75, 0.625
Self-Shadow
1, 0.25, 0.75, 0.25, 0.75, 0, 1, 0
Furie_DouglasFir_XT.spt
Leaves
0.25, 0.125, 0, 0.125, 0, 0, 0.25, 0
Fronds
0.25, 0.125, 0, 0.125, 0, 0, 0.25, 0
Billboards
0.625, 0.875, 0.5, 0.875, 0.5, 0.75, 0.625, 0.75
0.875, 0.625, 0.75, 0.625, 0.75, 0.5, 0.875, 0.5
1, 0.375, 0.875, 0.375, 0.875, 0.25, 1, 0.25
0.375, 1, 0.25, 1, 0.25, 0.875, 0.375, 0.875
