metheus_BanyanTree_RT.spt
Leaves
0.375, 0.125, 0.25, 0.125, 0.25, 0, 0.375, 0
0.125, 0.375, 0, 0.375, 0, 0.25, 0.125, 0.25
0.0625, 0.75, 0, 0.75, 0, 0.625, 0.0625, 0.625
Fronds
0.125, 0.75, 0.0625, 0.75, 0.0625, 0.625, 0.125, 0.625
Billboards
0.125, 0.0625, 0, 0.0625, 0, 0, 0.125, 0
0.125, 0.125, 0, 0.125, 0, 0.0625, 0.125, 0.0625
0.25, 0.0625, 0.125, 0.0625, 0.125, 0, 0.25, 0
0.25, 0.125, 0.125, 0.125, 0.125, 0.0625, 0.25, 0.0625
Self-Shadow
0.5, 0.25, 0, 0.25, 0, 0, 0.5, 0
metheus_Baobab_RT_Winter.spt
Leaves
0.375, 0.125, 0.25, 0.125, 0.25, 0, 0.375, 0
Fronds
0.1875, 0.75, 0.125, 0.75, 0.125, 0.625, 0.1875, 0.625
Billboards
0.125, 0.1875, 0, 0.1875, 0, 0.125, 0.125, 0.125
0.375, 0.0625, 0.25, 0.0625, 0.25, 0, 0.375, 0
0.375, 0.125, 0.25, 0.125, 0.25, 0.0625, 0.375, 0.0625
0.25, 0.1875, 0.125, 0.1875, 0.125, 0.125, 0.25, 0.125
metheus_BigScaryTree_RT.spt
Leaves
0.25, 0.375, 0.125, 0.375, 0.125, 0.25, 0.25, 0.25
0.375, 0.25, 0.25, 0.25, 0.25, 0.125, 0.375, 0.125
Fronds
0.6875, 0.25, 0.625, 0.25, 0.625, 0.125, 0.6875, 0.125
Billboards
0.375, 0.1875, 0.25, 0.1875, 0.25, 0.125, 0.375, 0.125
0.5, 0.0625, 0.375, 0.0625, 0.375, 0, 0.5, 0
0.125, 0.25, 0, 0.25, 0, 0.1875, 0.125, 0.1875
0.25, 0.25, 0.125, 0.25, 0.125, 0.1875, 0.25, 0.1875
Self-Shadow
0.5, 0.5, 0, 0.5, 0, 0.25, 0.5, 0.25
metheus_BoleteMushroom_RT.spt
Leaves
0.25, 0.25, 0, 0.25, 0, 0.125, 0.25, 0.125
Fronds
0.375, 0.125, 0.25, 0.125, 0.25, 0, 0.375, 0
Billboards
0.5, 0.125, 0.375, 0.125, 0.375, 0.0625, 0.5, 0.0625
0.5, 0.1875, 0.375, 0.1875, 0.375, 0.125, 0.5, 0.125
0.375, 0.25, 0.25, 0.25, 0.25, 0.1875, 0.375, 0.1875
0.125, 0.3125, 0, 0.3125, 0, 0.25, 0.125, 0.25
metheus_BoleteMushroomCluster_RT.spt
Leaves
0.25, 0.25, 0, 0.25, 0, 0.125, 0.25, 0.125
0.25, 0.25, 0, 0.25, 0, 0.125, 0.25, 0.125
Fronds
0.375, 0.125, 0.25, 0.125, 0.25, 0, 0.375, 0
Billboards
0.625, 0.0625, 0.5, 0.0625, 0.5, 0, 0.625, 0
0.625, 0.125, 0.5, 0.125, 0.5, 0.0625, 0.625, 0.0625
0.25, 0.3125, 0.125, 0.3125, 0.125, 0.25, 0.25, 0.25
0.5, 0.25, 0.375, 0.25, 0.375, 0.1875, 0.5, 0.1875
Self-Shadow
0.75, 0.625, 0.5, 0.625, 0.5, 0.5, 0.75, 0.5
metheus_Byron_PinOak_02bb.spt
Leaves
0.375, 0.375, 0.25, 0.375, 0.25, 0.25, 0.375, 0.25
0.5, 0.125, 0.375, 0.125, 0.375, 0, 0.5, 0
Fronds
0.375, 0.125, 0.25, 0.125, 0.25, 0, 0.375, 0
Billboards
0.625, 0.1875, 0.5, 0.1875, 0.5, 0.125, 0.625, 0.125
0.375, 0.3125, 0.25, 0.3125, 0.25, 0.25, 0.375, 0.25
0.5, 0.3125, 0.375, 0.3125, 0.375, 0.25, 0.5, 0.25
0.125, 0.375, 0, 0.375, 0, 0.3125, 0.125, 0.3125
Self-Shadow
1, 0.625, 0.75, 0.625, 0.75, 0.5, 1, 0.5
metheus_Cattail_RT.spt
Leaves
0.125, 0.5, 0, 0.5, 0, 0.375, 0.125, 0.375
Fronds
0.375, 0.125, 0.25, 0.125, 0.25, 0, 0.375, 0
Billboards
0.625, 0.25, 0.5, 0.25, 0.5, 0.1875, 0.625, 0.1875
0.75, 0.0625, 0.625, 0.0625, 0.625, 0, 0.75, 0
0.75, 0.125, 0.625, 0.125, 0.625, 0.0625, 0.75, 0.0625
0.25, 0.375, 0.125, 0.375, 0.125, 0.3125, 0.25, 0.3125
Self-Shadow
0.75, 0.75, 0.5, 0.75, 0.5, 0.625, 0.75, 0.625
metheus_CinnamonFern_RT.spt
Leaves
0.6875, 0.625, 0.625, 0.625, 0.625, 0.375, 0.6875, 0.375
0.40625, 0.75, 0.375, 0.75, 0.375, 0.625, 0.40625, 0.625
Fronds
0.6875, 0.625, 0.625, 0.625, 0.625, 0.375, 0.6875, 0.375
Billboards
0.375, 0.375, 0.25, 0.375, 0.25, 0.3125, 0.375, 0.3125
0.75, 0.1875, 0.625, 0.1875, 0.625, 0.125, 0.75, 0.125
0.625, 0.3125, 0.5, 0.3125, 0.5, 0.25, 0.625, 0.25
0.5, 0.375, 0.375, 0.375, 0.375, 0.3125, 0.5, 0.3125
metheus_CommonOlive_RT_Spring.spt
Leaves
0.5, 0.25, 0.375, 0.25, 0.375, 0.125, 0.5, 0.125
0.5, 0.375, 0.375, 0.375, 0.375, 0.25, 0.5, 0.25
Fronds
0.75, 0.125, 0.625, 0.125, 0.625, 0, 0.75, 0
Billboards
0.75, 0.25, 0.625, 0.25, 0.625, 0.1875, 0.75, 0.1875
0.875, 0.0625, 0.75, 0.0625, 0.75, 0, 0.875, 0
0.125, 0.4375, 0, 0.4375, 0, 0.375, 0.125, 0.375
0.25, 0.4375, 0.125, 0.4375, 0.125, 0.375, 0.25, 0.375
Self-Shadow
1, 0.25, 0.5, 0.25, 0.5, 0, 1, 0
metheus_CommonOlive_RT_Winter.spt
Leaves
0.375, 0.125, 0.25, 0.125, 0.25, 0, 0.375, 0
Fronds
0.75, 0.125, 0.625, 0.125, 0.625, 0, 0.75, 0
Billboards
0.875, 0.125, 0.75, 0.125, 0.75, 0.0625, 0.875, 0.0625
0.875, 0.1875, 0.75, 0.1875, 0.75, 0.125, 0.875, 0.125
0.375, 0.4375, 0.25, 0.4375, 0.25, 0.375, 0.375, 0.375
0.625, 0.375, 0.5, 0.375, 0.5, 0.3125, 0.625, 0.3125
metheus_FanPalm_RT.spt
Leaves
0.25, 0.75, 0.1875, 0.75, 0.1875, 0.625, 0.25, 0.625
0.25, 0.75, 0.1875, 0.75, 0.1875, 0.625, 0.25, 0.625
Fronds
0.625, 0.5, 0.5, 0.5, 0.5, 0.375, 0.625, 0.375
Billboards
0.75, 0.3125, 0.625, 0.3125, 0.625, 0.25, 0.75, 0.25
0.5, 0.4375, 0.375, 0.4375, 0.375, 0.375, 0.5, 0.375
0.875, 0.25, 0.75, 0.25, 0.75, 0.1875, 0.875, 0.1875
0.125, 0.5, 0, 0.5, 0, 0.4375, 0.125, 0.4375
metheus_GroundIvy_RT.spt
Leaves
0.625, 0.375, 0.5, 0.375, 0.5, 0.25, 0.625, 0.25
0.625, 0.375, 0.5, 0.375, 0.5, 0.25, 0.625, 0.25
0.625, 0.375, 0.5, 0.375, 0.5, 0.25, 0.625, 0.25
0.625, 0.375, 0.5, 0.375, 0.5, 0.25, 0.625, 0.25
Fronds
0.375, 0.125, 0.25, 0.125, 0.25, 0, 0.375, 0
Billboards
1, 0.0625, 0.875, 0.0625, 0.875, 0, 1, 0
1, 0.125, 0.875, 0.125, 0.875, 0.0625, 1, 0.0625
0.25, 0.5, 0.125, 0.5, 0.125, 0.4375, 0.25, 0.4375
0.75, 0.375, 0.625, 0.375, 0.625, 0.3125, 0.75, 0.3125
metheus_JungleBrush_RT.spt
Leaves
0.5, 0.5, 0.375, 0.5, 0.375, 0.375, 0.5, 0.375
Fronds
0.3125, 0.75, 0.25, 0.75, 0.25, 0.625, 0.3125, 0.625
Billboards
0.625, 0.4375, 0.5, 0.4375, 0.5, 0.375, 0.625, 0.375
0.875, 0.3125, 0.75, 0.3125, 0.75, 0.25, 0.875, 0.25
1, 0.1875, 0.875, 0.1875, 0.875, 0.125, 1, 0.125
0.375, 0.5, 0.25, 0.5, 0.25, 0.4375, 0.375, 0.4375
metheus_PampasGrass_RT_Flower.spt
Leaves
0.375, 0.625, 0.25, 0.625, 0.25, 0.375, 0.375, 0.375
0.625, 0.25, 0.5, 0.25, 0.5, 0.125, 0.625, 0.125
Fronds
0.375, 0.125, 0.25, 0.125, 0.25, 0, 0.375, 0
Billboards
0.5, 0.5, 0.375, 0.5, 0.375, 0.4375, 0.5, 0.4375
1, 0.25, 0.875, 0.25, 0.875, 0.1875, 1, 0.1875
0.875, 0.375, 0.75, 0.375, 0.75, 0.3125, 0.875, 0.3125
0.75, 0.4375, 0.625, 0.4375, 0.625, 0.375, 0.75, 0.375
Self-Shadow
1, 0.5, 0.5, 0.5, 0.5, 0.25, 1, 0.25
metheus_PurpleSeaUrchin_RT.spt
Leaves
0.25, 0.625, 0.125, 0.625, 0.125, 0.5, 0.25, 0.5
0.25, 0.625, 0.125, 0.625, 0.125, 0.5, 0.25, 0.5
Fronds
0.375, 0.125, 0.25, 0.125, 0.25, 0, 0.375, 0
Billboards
0.125, 0.5625, 0, 0.5625, 0, 0.5, 0.125, 0.5
0.625, 0.5, 0.5, 0.5, 0.5, 0.4375, 0.625, 0.4375
1, 0.3125, 0.875, 0.3125, 0.875, 0.25, 1, 0.25
0.25, 0.5625, 0.125, 0.5625, 0.125, 0.5, 0.25, 0.5
metheus_RussianOlive_RT_Summer.spt
Leaves
0.125, 0.625, 0, 0.625, 0, 0.5, 0.125, 0.5
0.625, 0.125, 0.5, 0.125, 0.5, 0, 0.625, 0
Fronds
0.375, 0.75, 0.3125, 0.75, 0.3125, 0.625, 0.375, 0.625
Billboards
0.375, 0.5625, 0.25, 0.5625, 0.25, 0.5, 0.375, 0.5
0.875, 0.4375, 0.75, 0.4375, 0.75, 0.375, 0.875, 0.375
0.5, 0.5625, 0.375, 0.5625, 0.375, 0.5, 0.5, 0.5
1, 0.375, 0.875, 0.375, 0.875, 0.3125, 1, 0.3125
metheus_WaterLily_RT.spt
Leaves
0.5, 0.625, 0.375, 0.625, 0.375, 0.5, 0.5, 0.5
0.25, 0.5, 0.125, 0.5, 0.125, 0.375, 0.25, 0.375
0.25, 0.125, 0, 0.125, 0, 0, 0.25, 0
Fronds
0.375, 0.125, 0.25, 0.125, 0.25, 0, 0.375, 0
Billboards
0.75, 0.5, 0.625, 0.5, 0.625, 0.4375, 0.75, 0.4375
0.625, 0.5625, 0.5, 0.5625, 0.5, 0.5, 0.625, 0.5
0.125, 0.625, 0, 0.625, 0, 0.5625, 0.125, 0.5625
0.25, 0.625, 0.125, 0.625, 0.125, 0.5625, 0.25, 0.5625
metheus_Weeds_RT.spt
Leaves
0.375, 0.125, 0.25, 0.125, 0.25, 0, 0.375, 0
Fronds
0.5625, 0.75, 0.5, 0.75, 0.5, 0.5, 0.5625, 0.5
Billboards
0.375, 0.625, 0.25, 0.625, 0.25, 0.5625, 0.375, 0.5625
0.875, 0.5, 0.75, 0.5, 0.75, 0.4375, 0.875, 0.4375
1, 0.4375, 0.875, 0.4375, 0.875, 0.375, 1, 0.375
0.75, 0.5625, 0.625, 0.5625, 0.625, 0.5, 0.75, 0.5
metheus_WeepingWillow_RT.spt
Leaves
0.75, 0.25, 0.6875, 0.25, 0.6875, 0.125, 0.75, 0.125
0.6875, 0.375, 0.625, 0.375, 0.625, 0.25, 0.6875, 0.25
Fronds
0.375, 0.125, 0.25, 0.125, 0.25, 0, 0.375, 0
Billboards
0.5, 0.625, 0.375, 0.625, 0.375, 0.5625, 0.5, 0.5625
0.625, 0.625, 0.5, 0.625, 0.5, 0.5625, 0.625, 0.5625
1, 0.5, 0.875, 0.5, 0.875, 0.4375, 1, 0.4375
0.875, 0.5625, 0.75, 0.5625, 0.75, 0.5, 0.875, 0.5
Self-Shadow
0.5, 0.75, 0, 0.75, 0, 0.5, 0.5, 0.5
