Palm_Coconut_01.spt
Leaves
0.5, 0.75, 0.25, 0.75, 0.25, 0.5, 0.5, 0.5
0.5, 0.75, 0.25, 0.75, 0.25, 0.5, 0.5, 0.5
Fronds
0.25, 0.5, 0, 0.5, 0, 0, 0.25, 0
Billboards
0.25, 0.25, 0, 0.25, 0, 0, 0.25, 0
0.25, 0.5, 0, 0.5, 0, 0.25, 0.25, 0.25
0.5, 0.25, 0.25, 0.25, 0.25, 0, 0.5, 0
0.5, 0.5, 0.25, 0.5, 0.25, 0.25, 0.5, 0.25
Palm_Curly01.spt
Leaves
0.75, 0.75, 0.5, 0.75, 0.5, 0.5, 0.75, 0.5
0.75, 0.75, 0.5, 0.75, 0.5, 0.5, 0.75, 0.5
Fronds
0.5, 0.5, 0.25, 0.5, 0.25, 0, 0.5, 0
Billboards
0.25, 0.75, 0, 0.75, 0, 0.5, 0.25, 0.5
0.75, 0.25, 0.5, 0.25, 0.5, 0, 0.75, 0
0.75, 0.5, 0.5, 0.5, 0.5, 0.25, 0.75, 0.25
0.5, 0.75, 0.25, 0.75, 0.25, 0.5, 0.5, 0.5
Palm_Date01.spt
Leaves
0.5, 0.75, 0.25, 0.75, 0.25, 0.5, 0.5, 0.5
Fronds
0.875, 0.75, 0.75, 0.75, 0.75, 0.25, 0.875, 0.25
Billboards
0.75, 0.75, 0.5, 0.75, 0.5, 0.5, 0.75, 0.5
1, 0.25, 0.75, 0.25, 0.75, 0, 1, 0
0.25, 1, 0, 1, 0, 0.75, 0.25, 0.75
0.5, 1, 0.25, 1, 0.25, 0.75, 0.5, 0.75
Palm_0Queen1.spt
Leaves
1, 0.25, 0.75, 0.25, 0.75, 0, 1, 0
0.25, 1, 0, 1, 0, 0.5, 0.25, 0.5
Fronds
0.75, 0.5, 0.5, 0.5, 0.5, 0, 0.75, 0
Billboards
1, 0.5, 0.75, 0.5, 0.75, 0.25, 1, 0.25
1, 0.75, 0.75, 0.75, 0.75, 0.5, 1, 0.5
0.75, 1, 0.5, 1, 0.5, 0.75, 0.75, 0.75
1, 1, 0.75, 1, 0.75, 0.75, 1, 0.75
