Rodendg1_snow_01.spt
Leaves
0.75, 0.25, 0.5, 0.25, 0.5, 0, 0.75, 0
0.75, 0.5, 0.5, 0.5, 0.5, 0.25, 0.75, 0.25
Fronds
0.625, 1, 0.5, 1, 0.5, 0.75, 0.625, 0.75
Billboards
0.25, 0.125, 0, 0.125, 0, 0, 0.25, 0
0.25, 0.25, 0, 0.25, 0, 0.125, 0.25, 0.125
0.5, 0.125, 0.25, 0.125, 0.25, 0, 0.5, 0
0.5, 0.25, 0.25, 0.25, 0.25, 0.125, 0.5, 0.125
Self-Shadow
0.5, 0.5, 0, 0.5, 0, 0, 0.5, 0
Rodendg1_snow_02.spt
Leaves
0.75, 0.25, 0.5, 0.25, 0.5, 0, 0.75, 0
0.75, 0.25, 0.5, 0.25, 0.5, 0, 0.75, 0
Fronds
0.875, 0.75, 0.75, 0.75, 0.75, 0.5, 0.875, 0.5
Billboards
0.25, 0.375, 0, 0.375, 0, 0.25, 0.25, 0.25
0.75, 0.125, 0.5, 0.125, 0.5, 0, 0.75, 0
0.75, 0.25, 0.5, 0.25, 0.5, 0.125, 0.75, 0.125
0.5, 0.375, 0.25, 0.375, 0.25, 0.25, 0.5, 0.25
Rodendg1_snow_03.spt
Leaves
0.75, 0.75, 0.5, 0.75, 0.5, 0.5, 0.75, 0.5
0.25, 1, 0, 1, 0, 0.75, 0.25, 0.75
Fronds
0.75, 1, 0.625, 1, 0.625, 0.75, 0.75, 0.75
Billboards
0.75, 0.375, 0.5, 0.375, 0.5, 0.25, 0.75, 0.25
1, 0.125, 0.75, 0.125, 0.75, 0, 1, 0
0.25, 0.5, 0, 0.5, 0, 0.375, 0.25, 0.375
0.5, 0.5, 0.25, 0.5, 0.25, 0.375, 0.5, 0.375
Self-Shadow
0.5, 1, 0, 1, 0, 0.5, 0.5, 0.5
Rodendg1_snow_04.spt
Leaves
0.75, 0.25, 0.5, 0.25, 0.5, 0, 0.75, 0
0.75, 0.25, 0.5, 0.25, 0.5, 0, 0.75, 0
Fronds
0.25, 0.75, 0, 0.75, 0, 0.25, 0.25, 0.25
Billboards
1, 0.25, 0.75, 0.25, 0.75, 0.125, 1, 0.125
1, 0.375, 0.75, 0.375, 0.75, 0.25, 1, 0.25
0.75, 0.5, 0.5, 0.5, 0.5, 0.375, 0.75, 0.375
0.25, 0.625, 0, 0.625, 0, 0.5, 0.25, 0.5
Rodendg1_snow_05.spt
Leaves
0.75, 0.25, 0.5, 0.25, 0.5, 0, 0.75, 0
0.75, 0.25, 0.5, 0.25, 0.5, 0, 0.75, 0
Fronds
0.5, 0.75, 0.25, 0.75, 0.25, 0.25, 0.5, 0.25
Billboards
0.5, 0.625, 0.25, 0.625, 0.25, 0.5, 0.5, 0.5
1, 0.5, 0.75, 0.5, 0.75, 0.375, 1, 0.375
0.75, 0.625, 0.5, 0.625, 0.5, 0.5, 0.75, 0.5
1, 0.625, 0.75, 0.625, 0.75, 0.5, 1, 0.5
Rodendg1_snow_05_1.spt
Leaves
1, 0.25, 0.75, 0.25, 0.75, 0, 1, 0
0.5, 0.25, 0, 0.25, 0, 0, 0.5, 0
Fronds
0.5, 0.75, 0.25, 0.75, 0.25, 0.25, 0.5, 0.25
Billboards
0.25, 0.75, 0, 0.75, 0, 0.625, 0.25, 0.625
0.5, 0.75, 0.25, 0.75, 0.25, 0.625, 0.5, 0.625
0.75, 0.75, 0.5, 0.75, 0.5, 0.625, 0.75, 0.625
1, 0.75, 0.75, 0.75, 0.75, 0.625, 1, 0.625
Self-Shadow
1, 0.5, 0.5, 0.5, 0.5, 0, 1, 0
Rodendg1_snow_06.spt
Leaves
1, 0.5, 0.75, 0.5, 0.75, 0.25, 1, 0.25
0.5, 0.875, 0.25, 0.875, 0.25, 0.75, 0.5, 0.75
Fronds
1, 0.75, 0.875, 0.75, 0.875, 0.5, 1, 0.5
Billboards
0.25, 0.875, 0, 0.875, 0, 0.75, 0.25, 0.75
0.5, 0.875, 0.25, 0.875, 0.25, 0.75, 0.5, 0.75
0.75, 0.875, 0.5, 0.875, 0.5, 0.75, 0.75, 0.75
1, 0.875, 0.75, 0.875, 0.75, 0.75, 1, 0.75
Self-Shadow
1, 1, 0.5, 1, 0.5, 0.5, 1, 0.5
