Roden_Zaratantree01.spt
Leaves
0.5, 0.5, 0, 0.5, 0, 0, 0.5, 0
0.5, 1, 0, 1, 0, 0.5, 0.5, 0.5
Fronds
0.75, 0.5, 0.5, 0.5, 0.5, 0, 0.75, 0
Billboards
0.5, 0.25, 0, 0.25, 0, 0, 0.5, 0
0.5, 0.5, 0, 0.5, 0, 0.25, 0.5, 0.25
1, 0.25, 0.5, 0.25, 0.5, 0, 1, 0
1, 0.5, 0.5, 0.5, 0.5, 0.25, 1, 0.25
Self-Shadow
1, 1, 0, 1, 0, 0, 1, 0
Roden_Zaratantree02.spt
Leaves
0.5, 0.5, 0, 0.5, 0, 0, 0.5, 0
0.5, 1, 0, 1, 0, 0.5, 0.5, 0.5
Fronds
0.75, 0.5, 0.5, 0.5, 0.5, 0, 0.75, 0
Billboards
0.5, 0.75, 0, 0.75, 0, 0.5, 0.5, 0.5
1, 0.75, 0.5, 0.75, 0.5, 0.5, 1, 0.5
0.5, 1, 0, 1, 0, 0.75, 0.5, 0.75
1, 1, 0.5, 1, 0.5, 0.75, 1, 0.75
Self-Shadow
1, 1, 0, 1, 0, 0, 1, 0
