Roden_Baobab_01.spt
Leaves
0.25, 0.1875, 0, 0.1875, 0, 0.0625, 0.25, 0.0625
0.5, 0.125, 0.25, 0.125, 0.25, 0, 0.5, 0
Fronds
0.625, 0.625, 0.5, 0.625, 0.5, 0.5, 0.625, 0.5
Billboards
0.125, 0.125, 0, 0.125, 0, 0, 0.125, 0
0.125, 0.25, 0, 0.25, 0, 0.125, 0.125, 0.125
0.25, 0.125, 0.125, 0.125, 0.125, 0, 0.25, 0
0.25, 0.25, 0.125, 0.25, 0.125, 0.125, 0.25, 0.125
Self-Shadow
0.5, 0.25, 0, 0.25, 0, 0, 0.5, 0
Roden_ElephantEar_01.spt
Leaves
0.5, 0.25, 0.25, 0.25, 0.25, 0.125, 0.5, 0.125
0.5, 0.25, 0.25, 0.25, 0.25, 0.125, 0.5, 0.125
Fronds
0.25, 0.1875, 0, 0.1875, 0, 0.0625, 0.25, 0.0625
Billboards
0.125, 0.375, 0, 0.375, 0, 0.25, 0.125, 0.25
0.375, 0.125, 0.25, 0.125, 0.25, 0, 0.375, 0
0.375, 0.25, 0.25, 0.25, 0.25, 0.125, 0.375, 0.125
0.25, 0.375, 0.125, 0.375, 0.125, 0.25, 0.25, 0.25
Self-Shadow
0.5, 0.5, 0, 0.5, 0, 0.25, 0.5, 0.25
Roden_ElephantEar_02.spt
Leaves
0.5, 0.25, 0.25, 0.25, 0.25, 0.125, 0.5, 0.125
0.5, 0.25, 0.25, 0.25, 0.25, 0.125, 0.5, 0.125
Fronds
0.5, 0.625, 0.375, 0.625, 0.375, 0.5, 0.5, 0.5
Billboards
0.375, 0.375, 0.25, 0.375, 0.25, 0.25, 0.375, 0.25
0.5, 0.125, 0.375, 0.125, 0.375, 0, 0.5, 0
0.125, 0.5, 0, 0.5, 0, 0.375, 0.125, 0.375
0.25, 0.5, 0.125, 0.5, 0.125, 0.375, 0.25, 0.375
Self-Shadow
0.5, 0.5, 0, 0.5, 0, 0.25, 0.5, 0.25
Roden_Gimlet_MD.spt
Leaves
0.25, 0.3125, 0, 0.3125, 0, 0.1875, 0.25, 0.1875
0.75, 0.125, 0.5, 0.125, 0.5, 0, 0.75, 0
Fronds
0.25, 0.1875, 0, 0.1875, 0, 0.0625, 0.25, 0.0625
Billboards
0.5, 0.25, 0.375, 0.25, 0.375, 0.125, 0.5, 0.125
0.5, 0.375, 0.375, 0.375, 0.375, 0.25, 0.5, 0.25
0.375, 0.5, 0.25, 0.5, 0.25, 0.375, 0.375, 0.375
0.125, 0.625, 0, 0.625, 0, 0.5, 0.125, 0.5
Self-Shadow
1, 0.25, 0.5, 0.25, 0.5, 0, 1, 0
Roden_JoshuaTree_01.spt
Leaves
0.75, 0.25, 0.5, 0.25, 0.5, 0.125, 0.75, 0.125
0.5, 0.375, 0.25, 0.375, 0.25, 0.25, 0.5, 0.25
Fronds
0.375, 0.625, 0.25, 0.625, 0.25, 0.5, 0.375, 0.5
Billboards
0.625, 0.125, 0.5, 0.125, 0.5, 0, 0.625, 0
0.625, 0.25, 0.5, 0.25, 0.5, 0.125, 0.625, 0.125
0.25, 0.625, 0.125, 0.625, 0.125, 0.5, 0.25, 0.5
0.5, 0.5, 0.375, 0.5, 0.375, 0.375, 0.5, 0.375
Roden_LondonPlane.spt
Leaves
0.25, 0.4375, 0, 0.4375, 0, 0.3125, 0.25, 0.3125
0.75, 0.375, 0.5, 0.375, 0.5, 0.25, 0.75, 0.25
Fronds
0.25, 0.1875, 0, 0.1875, 0, 0.0625, 0.25, 0.0625
Billboards
0.625, 0.375, 0.5, 0.375, 0.5, 0.25, 0.625, 0.25
0.375, 0.625, 0.25, 0.625, 0.25, 0.5, 0.375, 0.5
0.5, 0.625, 0.375, 0.625, 0.375, 0.5, 0.5, 0.5
0.125, 0.75, 0, 0.75, 0, 0.625, 0.125, 0.625
Self-Shadow
1, 0.5, 0.5, 0.5, 0.5, 0.25, 1, 0.25
Roden_MontereyCypress_01.spt
Leaves
1, 0.125, 0.75, 0.125, 0.75, 0, 1, 0
0.25, 0.0625, 0, 0.0625, 0, 0, 0.25, 0
Fronds
0.875, 0.5, 0.75, 0.5, 0.75, 0.375, 0.875, 0.375
Billboards
0.625, 0.5, 0.5, 0.5, 0.5, 0.375, 0.625, 0.375
0.75, 0.125, 0.625, 0.125, 0.625, 0, 0.75, 0
0.75, 0.25, 0.625, 0.25, 0.625, 0.125, 0.75, 0.125
0.25, 0.75, 0.125, 0.75, 0.125, 0.625, 0.25, 0.625
Self-Shadow
0.5, 0.75, 0, 0.75, 0, 0.5, 0.5, 0.5
Roden_MontereyCypress_01_XX.spt
Leaves
0.25, 0.1875, 0, 0.1875, 0, 0.0625, 0.25, 0.0625
0.25, 0.1875, 0, 0.1875, 0, 0.0625, 0.25, 0.0625
Fronds
0.875, 0.5, 0.75, 0.5, 0.75, 0.375, 0.875, 0.375
Billboards
0.375, 0.75, 0.25, 0.75, 0.25, 0.625, 0.375, 0.625
0.75, 0.375, 0.625, 0.375, 0.625, 0.25, 0.75, 0.25
0.625, 0.625, 0.5, 0.625, 0.5, 0.5, 0.625, 0.5
0.5, 0.75, 0.375, 0.75, 0.375, 0.625, 0.5, 0.625
Roden_Palmetto_01.spt
Leaves
1, 0.25, 0.75, 0.25, 0.75, 0.125, 1, 0.125
0.5, 0.5, 0.25, 0.5, 0.25, 0.375, 0.5, 0.375
0.5, 0.5, 0.25, 0.5, 0.25, 0.375, 0.5, 0.375
Fronds
0.25, 0.1875, 0, 0.1875, 0, 0.0625, 0.25, 0.0625
Billboards
0.75, 0.5, 0.625, 0.5, 0.625, 0.375, 0.75, 0.375
0.875, 0.125, 0.75, 0.125, 0.75, 0, 0.875, 0
0.125, 0.875, 0, 0.875, 0, 0.75, 0.125, 0.75
0.25, 0.875, 0.125, 0.875, 0.125, 0.75, 0.25, 0.75
Self-Shadow
1, 0.75, 0.5, 0.75, 0.5, 0.5, 1, 0.5
Roden_SaguaroCactus_01.spt
Leaves
0.25, 0.1875, 0, 0.1875, 0, 0.0625, 0.25, 0.0625
Fronds
Billboards
0.875, 0.25, 0.75, 0.25, 0.75, 0.125, 0.875, 0.125
0.875, 0.375, 0.75, 0.375, 0.75, 0.25, 0.875, 0.25
0.375, 0.875, 0.25, 0.875, 0.25, 0.75, 0.375, 0.75
0.625, 0.75, 0.5, 0.75, 0.5, 0.625, 0.625, 0.625
Self-Shadow
0.5, 1, 0, 1, 0, 0.75, 0.5, 0.75
Roden_CommonOlive_01_XX.spt
Leaves
0.25, 0.1875, 0, 0.1875, 0, 0.0625, 0.25, 0.0625
0.25, 0.1875, 0, 0.1875, 0, 0.0625, 0.25, 0.0625
Fronds
0.25, 0.5625, 0, 0.5625, 0, 0.4375, 0.25, 0.4375
Billboards
0.75, 0.625, 0.625, 0.625, 0.625, 0.5, 0.75, 0.5
0.5, 0.875, 0.375, 0.875, 0.375, 0.75, 0.5, 0.75
0.875, 0.5, 0.75, 0.5, 0.75, 0.375, 0.875, 0.375
0.125, 1, 0, 1, 0, 0.875, 0.125, 0.875
Roden_CommonOlive_02_XX.spt
Leaves
0.25, 0.1875, 0, 0.1875, 0, 0.0625, 0.25, 0.0625
0.25, 0.1875, 0, 0.1875, 0, 0.0625, 0.25, 0.0625
Fronds
0.25, 0.5625, 0, 0.5625, 0, 0.4375, 0.25, 0.4375
Billboards
1, 0.125, 0.875, 0.125, 0.875, 0, 1, 0
1, 0.25, 0.875, 0.25, 0.875, 0.125, 1, 0.125
0.25, 1, 0.125, 1, 0.125, 0.875, 0.25, 0.875
0.75, 0.75, 0.625, 0.75, 0.625, 0.625, 0.75, 0.625
Roden_CommonOlive_03_XX.spt
Leaves
0.25, 0.1875, 0, 0.1875, 0, 0.0625, 0.25, 0.0625
0.25, 0.1875, 0, 0.1875, 0, 0.0625, 0.25, 0.0625
Fronds
0.25, 0.5625, 0, 0.5625, 0, 0.4375, 0.25, 0.4375
Billboards
0.625, 0.875, 0.5, 0.875, 0.5, 0.75, 0.625, 0.75
0.875, 0.625, 0.75, 0.625, 0.75, 0.5, 0.875, 0.5
1, 0.375, 0.875, 0.375, 0.875, 0.25, 1, 0.25
0.375, 1, 0.25, 1, 0.25, 0.875, 0.375, 0.875
Roden_ItalianStonePine.spt
Leaves
0.75, 0.5, 0.5, 0.5, 0.5, 0.375, 0.75, 0.375
1, 0.375, 0.75, 0.375, 0.75, 0.25, 1, 0.25
Fronds
0.125, 0.6875, 0, 0.6875, 0, 0.5625, 0.125, 0.5625
Billboards
0.5, 1, 0.375, 1, 0.375, 0.875, 0.5, 0.875
1, 0.5, 0.875, 0.5, 0.875, 0.375, 1, 0.375
0.875, 0.75, 0.75, 0.75, 0.75, 0.625, 0.875, 0.625
0.75, 0.875, 0.625, 0.875, 0.625, 0.75, 0.75, 0.75
Self-Shadow
1, 1, 0.5, 1, 0.5, 0.75, 1, 0.75
