255 10 10 356255.468750 15997.035156 295496.093750 135 //애쉬번마을 <촌장>/n브랜든
255 10 10 358958.593750 15661.396484 299184.750000 158 //애쉬번마을 <가죽장인>/n클레멘트
255 10 10 362809.906250 15431.621094 300838.156250 167 //애쉬번마을 <창고지기>/n포포
255 10 10 367788.281250 15400.582031 293358.406250 162 //애쉬번마을 <보석
255 10 10 357481.437500 15606.654297 290478.500000 714 //애쉬번마을 <드라코경주>/n애쉬번관리인
255 10 10 357667.531250 15760.101563 296686.093750 609 //애쉬번마을 <순간이동조종사>/n메리
10 10 255 198889.187500 12496.815430 224093.562500 296 //블랙랜드 <잡화상인>/n에밀리
10 10 255 201103.437500 12622.591797 221240.250000 333 //블랙랜드 <보석
10 10 255 203065.328125 12497.716797 220828.093750 292 //블랙랜드 <무구상인>/n카트먼
10 10 255 215496.375000 11929.981445 226813.531250 715 //블랙랜드 <드라코경주>/n블랙랜드관리인
10 10 255 205267.828125 11687.053711 238655.812500 287 //블랙랜드 <창고지기>/n토마
10 10 255 205601.078125 11685.512695 229972.765625 294 //블랙랜드 <치안대장>/n길모어
10 10 255 211238.296875 11831.102539 229418.468750 366 //블랙랜드 <잡화상인>/n코넬리아
10 10 255 213880.265625 11688.092773 233728.921875 368 //블랙랜드 <무구상인>/n카일
10 10 255 215660.375000 11551.730469 235767.156250 610 //블랙랜드 <순간이동조종사>/n게르트루드
10 255 10 428581.875000 21147.445313 142212.218750 627 //바이런마을 <무구상인>/n코덴
10 255 10 428577.500000 21152.703125 139676.656250 628 //바이런마을 <잡화상인>/n제니
10 255 10 434348.562500 20147.642578 141745.796875 682 //바이런마을 <보석수집가>/n스페로우
10 255 10 421593.750000 21755.759766 141190.531250 679 //바이런마을 <촌장>/n울버린
10 255 10 415994.906250 20172.175781 146284.031250 629 //바이런마을 <창고지기>/n코로니
10 255 10 420284.437500 21083.107422 148843.843750 684 //바이런마을 <순간이동조종사>/n민트
10 255 10 426126.781250 19631.000000 153446.703125 713 //바이런마을 <드라코경주>/n바이런관리인
255 255 5 193992.671875 23816.207031 107675.468750 743 //이름없음 <촌장>/n코로
255 255 5 190043.953125 23680.982422 105372.078125 752 //이름없음 <순간이동조종사>/n파스파
255 255 5 196158.828125 23901.779297 103819.351563 750 //이름없음 <무구상인>/n루우
255 255 5 186365.312500 24167.498047 100146.507813 751 //이름없음 <잡화상인>/n카인
255 255 5 192738.921875 24179.826172 99709.148438 748 //이름없음 <보석
255 255 5 196115.296875 23894.958984 105100.968750 747 //이름없음 <창고지기>/n잼머
20 255 255 718118.937500 12919.796875 65561.382813 354 //기네아섬 <늙은
20 255 255 719995.812500 12827.409180 57661.210938 356 //기네아섬 <잡화상>/n올센
20 255 255 721498.937500 12514.477539 60372.550781 342 //기네아섬 <마법사>/n율리아
20 255 255 716753.437500 12880.527344 61061.855469 355 //기네아섬 <무구상인>/n모리스
20 255 255 723070.437500 12476.655273 58251.058594 337 //기네아섬 <초보
30 255 255 731316.437500 11934.756836 65244.066406 357 //기네아섬 <선원>/n쿡
